  2  12   4  15   7  25  17   3   5   9  21  20  22  18   1  16  14  13   8   6  10  24  11  23  19
  3  17  25   5   9  13   8  16   6  14  10  24  11  23  19  21   1  22  20  18  12   4  15   7   2
 16   8  13   6  14  22  20  21  18   1  12   4  15   7   2  10  19  11  24  23  17  25   5   9   3
 21  20  22  18   1  11  24  10  23  19  17  25   5   9   3  12   2  15   4   7   8  13   6  14  16
 10  24  11  23  19  15   4  12   7   2   8  13   6  14  16  17   3   5  25   9  20  22  18   1  21
 19  10  24  11  23   4  12   2  15   7  16   8  13   6  14   3   9  25  17   5  21  20  22  18   1
  9   3  17  25   5   8  16  14  13   6  19  10  24  11  23   1  18  20  21  22   2  12   4  15   7
 14  16   8  13   6  20  21   1  22  18   2  12   4  15   7  19  23  24  10  11   3  17  25   5   9
  1  21  20  22  18  24  10  19  11  23   3  17  25   5   9   2   7   4  12  15  16   8  13   6  14
  7   2  12   4  15  17   3   9  25   5   1  21  20  22  18  14   6   8  16  13  19  10  24  11  23
 12   4  15   7   2   5  25  17   9   3  20  22  18   1  21   8  16   6  13  14  24  11  23  19  10
 17  25   5   9   3   6  13   8  14  16  24  11  23  19  10  20  21  18  22   1   4  15   7   2  12
  8  13   6  14  16  18  22  20   1  21   4  15   7   2  12  24  10  23  11  19  25   5   9   3  17
 20  22  18   1  21  23  11  24  19  10  25   5   9   3  17   4  12   7  15   2  13   6  14  16   8
 24  11  23  19  10   7  15   4   2  12  13   6  14  16   8  25  17   9   5   3  22  18   1  21  20
 15   7   2  12   4   3   9   5  17  25  18   1  21  20  22   6  13  16  14   8  23  19  10  24  11
  5   9   3  17  25  16  14   6   8  13  23  19  10  24  11  18  22  21   1  20   7   2  12   4  15
  6  14  16   8  13  21   1  18  20  22   7   2  12   4  15  23  11  10  19  24   9   3  17  25   5
 18   1  21  20  22  10  19  23  24  11   9   3  17  25   5   7  15  12   2   4  14  16   8  13   6
 23  19  10  24  11  12   2   7   4  15  14  16   8  13   6   9   5  17   3  25   1  21  20  22  18
  4  15   7   2  12   9   5  25   3  17  22  18   1  21  20  13   8  14   6  16  11  23  19  10  24
 25   5   9   3  17  14   6  13  16   8  11  23  19  10  24  22  20   1  18  21  15   7   2  12   4
 13   6  14  16   8   1  18  22  21  20  15   7   2  12   4  11  24  19  23  10   5   9   3  17  25
 22  18   1  21  20  19  23  11  10  24   5   9   3  17  25  15   4   2   7  12   6  14  16   8  13
 11  23  19  10  24   2   7  15  12   4   6  14  16   8  13   5  25   3   9  17  18   1  21  20  22
