 12  15   6   2   3  25  11  29  20  31  23  30  32  26  14   5  21  19  24  18  10  33   7  34  27  16  28  22  35  36  17   1   4  13   8   9
  9  19  24  21  27  34  15  32  14   6   3   2   7  30  33  35  17  36   4  13  12  28   8  11  31  26  10   1  20  23  16   5  22  18  29  25
 14  16   7   4   1  10  13  28  22  18  12  33  24  29  11  20  23  34  15  17   9  30  35  36   5   6   3  25   2   8  21  32  31  26  27  19
  5  31  28   8  22  18  25  34  35  10  17  36   1  27   2   9  13  16  14   3  26  21  32   6   4  19  15  24  29  11  12   7  20  23  30  33
 13  32  26  17  29  35   5   8   7   4   1  21  22  15   6  18  25  10  27  31  19  16  20  23  14  12  30   9  33  34   2  24   3  28  11  36
 11  20  23  30  33  36  26  27   9  16  19  24   3  31   8  12   4  28   5   2  22  29  25   1  13   7  32  21  18  17  15  14   6  10  34  35
 24  18   8  33  15   1  12  13  28  19  21   7  36  35  27  25  16  32  30   6  17  26   9  14  22   3  29  23   5   2  34   4  10  20  31  11
  2   3  35  27  34  20   6  31  10  30  14  25  15  28   9  29  18  23  19  16  32   8   5  13  26  24  36  11   4   1   7  33  17  12  21  22
  4   7  10  14   5  12   3   9  16  24  20  18   6   2  17  11   1  22  34  29  33  35  21  15  32  13   8  30  31  19  36  28  23  27  25  26
 32  29   9   6  17  21  36  11   4  35  34   1  13  19  31  10   8  26  22  28  23  25  27  20  12  14   7  33  16  18   3  15   2  24   5  30
 25  11  36  13  23  22   2  26  32   8  29   5  34  33  30  21  20  24  31   7   3   1   4  12  15  28  35  17  27  10   6   9  14  16  19  18
 31  26  19  16  28  30  22  15  33  17  27  23  12   5   3  14   7   4   2  11  24  36  10  18   9  21  20  34  25   6  35   8  29   1  32  13
 36   5  12  28   8  19  23  16   2  13  18  14  30  34  21   7  15  17  29  24   6  31   3  27   1  11   9  26  10  33  22  25  35  32  20   4
 33   2  17  34  30  13  28   6  11  22  35   3  26  10   1  36  12  25  20  14  18  32  16   7  19  27   5  29   8   4  24  31   9  21  15  23
 18  14  15  11  31   4  34  20  24  25  36  19  27   6  35  16  28  29  33  21   1  17  12   9  23  30  13   7  32  22   5   2  26   3  10   8
 22   1   3   9  35  24  27  21  15  33  10   4   5  18  23   2  32  14  36  26   8  13  30  25   6  31  16  20  17  28  11  19  34  29   7  12
 23  21  20  32   7  26   9  17  31   1   8  29  11  13   4   3  24  33  10   5   2  22  34  19  36  15  12  35  14  25  28   6  18  30  16  27
 16   6  27  10  25  29  30   7   5  12  32  26   9  22  19   8  31  20  11  23  35  15  28   4   2  18  24   3  34  21  33  13  36  17   1  14
 17  22   1  35  16   2  18   4   3  23  11  13  29  32  24  15   9   7  21  30  27   6  14   8  33  34  25  28  12   5  20  36  19  31  26  10
 30   8   4  20  14   5  10  12  21  29  15   9  33  17  13  28  36  27  23  22  11   7  24  35  18   1  26  19   6  31  25  34  16   2   3  32
 28  34  32   7  12   3  35  30   8   2  25   6  18  14  22  31   5  11  26  36  13  19  17  33  16  20  23  10  21  24  29  27   1   9   4  15
 26  10  11  15   9  31  17  24  36  32  33  27   4  20  34  19   6  30  16   1  25   3   2   5  35  29  14   8  13   7  18  12  28  22  23  21
  6  13  18  25  36  27  19   1  34   7  31  22  16  21  26  23   3   2  28  10  20  12  15  29  11  17   4  32   9  30   8  35  33  14  24   5
 29  33  21  19  24  23  16  14  26  28   5  20  10  25  12   1  35   8  18   4  34   9  31  32   3   2  22  27  36  15  30  17  11   6  13   7
 27  28  16   3  13  15   7  10  29   9   2  12  21  11   5  33  34  35   8  25  36  14  23  26  24   4   6  18  30  20   1  22  32  19  17  31
 20  30   2  36  18  11  14  35  19   3  13  34  17   1   7   6  10  12   9  32  21  27  29  16  25   8  33  31  22  26   4  23  15   5  28  24
  8  35  22  23   4  14   1   5  30  36  24  31  20  16  32  13   2  18  17  34  15  11   6  28   7   9  21  12  19  29  26  10  27  25  33   3
 19  25  34  24  10   6  21  23  18  20  22  17  14   4  36  26  27  15   7  12  31   5  33   3  28  32   1  13  11  16   9  29  30   8  35   2
 21   9  29  31  26  33  32  25   6  11   4  16  23   8  28  24  19   3   1  35  30   2  22  10  17   5  27  36  15  14  13  18   7  34  12  20
  1  17   5  12  32   7   8  33  27  15  26  28  25   9  29  22  30  31  13  19   4  20  18  24  10  23  34   2   3  35  14  11  21  36   6  16
 34  12  13  22  20   8  33   2  23  14   7  11  35   3  15  17  29   5  32   9  16  10   1  31  30  25  18   6  26  27  19  21  24   4  36  28
 10   4  33  18   6  16  29  19  13  21   9  35  28   7  20  30  11   1  25  27  14  24  26  22  34  36  31   5  23  12  32   3   8  15   2  17
  3  23  30  26  21   9  24  18  12  27  28  10   2  36  16   4  14  13   6  33   5  34  11  17   8  35  19  15   1  32  31  20  25   7  22  29
 15  27  14  29  11  17  31  36   1   5   6   8  19  24  25  32  26   9  35  20  28  23  13  30  21  22   2   4   7   3  10  16  12  33  18  34
  7  24  25   1  19  32   4   3  17  26  16  15  31  23  10  34  22  21  12   8  29  18  36   2  20  33  11  14  28  13  27  30   5  35   9   6
 35  36  31   5   2  28  20  22  25  34  30  32   8  12  18  27  33   6   3  15   7   4  19  21  29  10  17  16  24   9  23  26  13  11  14   1
